%This program is the implementation of the "official" recipe by Jon Yngve Hardeberg
%to choose an optimal reduced subset of calibration patches from a target.
%First, the patch with highest norm, i.e. highes transmission is chosen.
%Then another patch with minimum condition number with respect to the first
%patch is chosen. In this way, the second patch is as different as possible
%from the first patch. As a result, the most linearly independent vector
%space is spanned, which gives the best fit.
%Patches with low L and patches with no 20,21,22 have been removed
%beforehand. Problem is that the spectral data for the IT8.7 target are not available.
%Spectral data from a similar target were chosen.
%The resulting choice looks meaningful, but surprisingly the method does not work as good as the heuristic subset,
%chosen to optimally span the XYZ space.


SpectralFunctions=[0.00504389	0.01703974	0.05929356	0.09171689	0.08356799	0.06547331	0.05631979	0.05683099	0.06391555	0.07868438	0.09828787	0.11248497	0.11033772	0.0939735	0.07648667	0.06293731	0.05328818	0.0488858	0.05036186	0.05902595	0.07775976	0.10592511	0.13277706	0.14750819	0.14941967	0.14398278	0.13673301	0.13164017	0.13043306	0.13449196	0.14441512	0.161617	0.18688224	0.22193668	0.26672592	0.32087826	0.38806614	0.46001025	0.53401683	0.60606809	0.67465027
0.00485121	0.01650779	0.05709436	0.08588156	0.07567857	0.05725166	0.04821714	0.04840049	0.05428318	0.06656701	0.08241586	0.09257763	0.08813138	0.07209452	0.05608813	0.04462029	0.03739012	0.03490789	0.03783906	0.04825895	0.07131936	0.10995287	0.15470009	0.19007847	0.20924193	0.21522498	0.21424158	0.21238734	0.21326343	0.21929027	0.23145974	0.25127741	0.27894591	0.31582213	0.36081952	0.41514677	0.47558902	0.54006229	0.60450694	0.66562195	0.72341048
0.00412438	0.01604464	0.05541117	0.08141655	0.06963652	0.05100904	0.04212918	0.0421131	0.04686398	0.05646027	0.06802636	0.0734677	0.06636717	0.05092872	0.03695859	0.02780886	0.02269682	0.0214635	0.02454844	0.0344985	0.05831593	0.10391805	0.16672673	0.22906557	0.2760901	0.30477974	0.31922069	0.32697402	0.33327053	0.34248696	0.35578859	0.37551683	0.40135861	0.43480866	0.47423277	0.52091703	0.57135621	0.62414829	0.67617424	0.72456873	0.77059366
0.00367889	0.01600462	0.054727	0.07869108	0.06576843	0.0469132	0.03817352	0.03808809	0.04175366	0.04848806	0.05530173	0.05565826	0.04619476	0.03209021	0.02095665	0.0145041	0.01138802	0.0108609	0.01319791	0.02077707	0.04137963	0.08778064	0.16454001	0.25735807	0.34441943	0.41241464	0.45863961	0.48855502	0.50816311	0.52323382	0.53593299	0.55001703	0.56620489	0.58716522	0.6121368	0.64295058	0.67693872	0.71295913	0.74914293	0.78275756	0.81569476
0.01450995	0.03938217	0.14254308	0.24916765	0.26706015	0.24704769	0.23411172	0.23716062	0.25135198	0.27614385	0.30470875	0.32386951	0.31833106	0.29327094	0.27281259	0.25707757	0.24024148	0.22957886	0.22960216	0.24344151	0.2738291	0.3158191	0.34887646	0.36062819	0.35527528	0.34178998	0.3269552	0.31592092	0.31064317	0.3126761	0.32185119	0.33930671	0.36450646	0.3983359	0.43933093	0.48862523	0.54255415	0.59957316	0.65581921	0.7086604	0.75812892
0.01416081	0.03938155	0.14229772	0.24581775	0.26004697	0.23758322	0.22336059	0.22564908	0.23878206	0.2619697	0.28829121	0.30457116	0.29647428	0.26954643	0.24718767	0.23064011	0.2151455	0.20733168	0.21137247	0.2312204	0.27150778	0.32855286	0.38000912	0.40909312	0.41719362	0.41267686	0.40302895	0.39462615	0.39026072	0.39212811	0.40008357	0.41553991	0.43766525	0.46769993	0.50381256	0.54744435	0.59461172	0.64451649	0.69353615	0.73929318	0.78241262
0.013609	0.03912327	0.14143181	0.24196503	0.2530402	0.20866482	0.21347229	0.21511739	0.22739492	0.24949343	0.27441435	0.28916692	0.27990914	0.25236646	0.22925018	0.21260301	0.19839799	0.19270865	0.19961538	0.22390475	0.2722578	0.34273981	0.41176558	0.45869038	0.4819539	0.48874304	0.48644371	0.48216751	0.47940141	0.48091227	0.48665551	0.49853668	0.51568562	0.53977497	0.56914672	0.60548146	0.64500448	0.68708034	0.72861699	0.76733661	0.8043496
0.01331248	0.03914171	0.14107792	0.23885054	0.24679504	0.22039951	0.20418862	0.20513673	0.21634176	0.23649884	0.25857326	0.26995016	0.25795566	0.20876394	0.20411293	0.18691554	0.17400984	0.17041482	0.17998547	0.20861327	0.26584675	0.35285032	0.44544648	0.51833873	0.56562647	0.59193454	0.60391866	0.60874335	0.61001976	0.6113589	0.61294659	0.61766659	0.6253052	0.63875194	0.65674674	0.68141625	0.70951784	0.74055403	0.77232322	0.80188788	0.83126822
0.03270478	0.0767763	0.27989676	0.53612008	0.6510844	0.68379775	0.69952371	0.71396652	0.72223822	0.7211359	0.71373063	0.7058212	0.6860649	0.66483467	0.67924454	0.70519222	0.70855789	0.69586736	0.67699113	0.66243848	0.66262503	0.67741719	0.68378306	0.6720115	0.65171405	0.62927193	0.60847695	0.59236712	0.58123559	0.57570806	0.57447256	0.5792622	0.58889711	0.60542946	0.62721326	0.65601796	0.68831966	0.7234354	0.7589509	0.7919265	0.82344154
0.03284936	0.07795782	0.28467236	0.54365357	0.65784385	0.6885589	0.70255267	0.71552168	0.72229152	0.71952313	0.71025797	0.70038115	0.67892555	0.65624906	0.66920466	0.69516327	0.70135172	0.69383261	0.68199295	0.67725518	0.69172611	0.72499933	0.75025789	0.75474339	0.74813839	0.73676066	0.72389174	0.71244766	0.7026016	0.69475512	0.68800216	0.68441188	0.6842011	0.68990652	0.70085886	0.71887763	0.7410894	0.76671703	0.79368941	0.81934961	0.84445041
0.0317365	0.07571916	0.27681542	0.52588449	0.63229176	0.65781017	0.66820275	0.6793388	0.68776036	0.69070947	0.68952338	0.68765334	0.67294875	0.65536928	0.67215935	0.70130634	0.70962089	0.70280216	0.69038424	0.68427677	0.69696053	0.72849236	0.75219415	0.75541281	0.74775354	0.73552364	0.72220615	0.71039191	0.70027937	0.69235199	0.68574069	0.68238185	0.68208375	0.68822617	0.69942369	0.71757575	0.7401152	0.76574398	0.7930129	0.81879788	0.84399423
0.03218315	0.07589699	0.2766535	0.52726737	0.63660229	0.66482011	0.6773038	0.68987029	0.69854269	0.70041486	0.69743017	0.69369054	0.67736165	0.65852926	0.67447231	0.70222168	0.70808115	0.69828617	0.68261014	0.67222034	0.67835988	0.70098648	0.71540667	0.71036124	0.69560425	0.67750189	0.65981917	0.64553167	0.6346275	0.62810283	0.62446337	0.6259059	0.6312529	0.64324372	0.66017216	0.68437042	0.7120534	0.7429251	0.77462914	0.80417121	0.83289313
0.03269005	0.07728648	0.28245825	0.53840615	0.65014541	0.67920937	0.69226171	0.70483238	0.71203918	0.71046988	0.70282635	0.69432927	0.67386427	0.65165032	0.66431787	0.68982022	0.69582673	0.68836208	0.67690615	0.6728081	0.68780153	0.72149969	0.7471879	0.75203771	0.74578829	0.73446088	0.72178351	0.7104666	0.70050318	0.69287051	0.68620636	0.68306893	0.6828591	0.68894959	0.6999285	0.71811124	0.74045558	0.76606297	0.79340735	0.81895342	0.8442928
0.03175388	0.07434176	0.27125885	0.51782086	0.62602956	0.65428684	0.66704988	0.68017707	0.6900021	0.69365822	0.69285361	0.69104197	0.67600016	0.65785282	0.67383894	0.70060853	0.70424616	0.69143	0.67204614	0.65680733	0.65575786	0.66890641	0.67341946	0.65992347	0.63808933	0.61436602	0.59271662	0.57616223	0.56493707	0.55983541	0.55929821	0.5650818	0.57589309	0.59381331	0.61685908	0.64711408	0.68084517	0.71731264	0.75396598	0.78797408	0.82051729
0.03291615	0.0767689	0.27949053	0.53406924	0.64719881	0.6782618	0.69323774	0.70736805	0.71484635	0.71204893	0.7019828	0.69049903	0.66679849	0.64127511	0.64972196	0.67017251	0.67138392	0.66050604	0.64656599	0.63947148	0.64886313	0.67367343	0.68981866	0.68642017	0.67269357	0.65512305	0.63758037	0.62349754	0.61302135	0.60728505	0.60482344	0.60766676	0.61478804	0.62863509	0.6474809	0.67338416	0.70262927	0.73521867	0.76825268	0.79913974	0.82898447
